97035 97035 0
97035 98001 265468.5
97035 98002 266543
97035 98003 261316.9
97035 98004 302158.8
97035 98005 301256.7
97035 98006 301117.5
97035 98007 302786.9
97035 98008 304341.8
97035 98010 286471.3
97035 98011 318982.3
97035 98012 327800.6
98001 97035 265257.5
98001 98001 0
98001 98002 5054.7
98001 98003 6709.1
98001 98004 40498.2
98001 98005 39596.1
98001 98006 39456.8
98001 98007 41126.3
98001 98008 42681.2
98001 98010 26695.5
98001 98011 57321.7
98001 98012 66140
98002 97035 265888.2
98002 98001 5166.7
98002 98002 0
98002 98003 9740.3
98002 98004 42382.4
98002 98005 41480.3
98002 98006 41341
98002 98007 43010.4
98002 98008 44565.3
98002 98010 21124.2
98002 98011 59205.9
98002 98012 68024.2
98003 97035 262139.9
98003 98001 7027.9
98003 98002 10250.4
98003 98003 0
98003 98004 47615.5
98003 98005 46713.4
98003 98006 46574.1
98003 98007 48243.6
98003 98008 49798.5
98003 98010 30178.6
98003 98011 64439
98003 98012 73257.3
98004 97035 301931
98004 98001 40283.7
98004 98002 40718.2
98004 98003 45460.5
98004 98004 0
98004 98005 3152.5
98004 98006 10830.3
98004 98007 5207.2
98004 98008 14054.6
98004 98010 59623.3
98004 98011 20210.7
98004 98012 29029
98005 97035 301544.9
98005 98001 39897.6
98005 98002 40332.1
98005 98003 45074.4
98005 98004 3144.7
98005 98005 0
98005 98006 10444.2
98005 98007 3216.8
98005 98008 6511
98005 98010 59237.2
98005 98011 20206.6
98005 98012 29024.9
98006 97035 297999.2
98006 98001 36351.9
98006 98002 36786.4
98006 98003 41528.7
98006 98004 11555.1
98006 98005 10653
98006 98006 0
98006 98007 7283.2
98006 98008 8388
98006 98010 54058.5
98006 98011 28378.6
98006 98012 37196.9
98007 97035 302891.8
98007 98001 41244.5
98007 98002 41679
98007 98003 46421.3
98007 98004 5941.9
98007 98005 3959.5
98007 98006 6994.1
98007 98007 0
98007 98008 4715.8
98007 98010 56077.5
98007 98011 23003.8
98007 98012 31822.1
98008 97035 307901.6
98008 98001 46254.3
98008 98002 66264.1
98008 98003 51431.1
98008 98004 8493.4
98008 98005 6510.9
98008 98006 8418
98008 98007 4179.6
98008 98008 0
98008 98010 57006.3
98008 98011 25775.9
98008 98012 34594.2
98010 97035 286134.4
98010 98001 26616.5
98010 98002 21278
98010 98003 29986.4
98010 98004 60126.2
98010 98005 59224
98010 98006 54917.1
98010 98007 56647.2
98010 98008 53853.8
98010 98010 0
98010 98011 76949.7
98010 98012 85767.9
98011 97035 318919.4
98011 98001 57272.1
98011 98002 57706.6
98011 98003 62448.9
98011 98004 19424.8
98011 98005 20395.6
98011 98006 27818.7
98011 98007 22798.2
98011 98008 31043
98011 98010 76611.7
98011 98011 0
98011 98012 14383.8
98012 97035 332301.6
98012 98001 70654.3
98012 98002 71088.8
98012 98003 75831.1
98012 98004 32807
98012 98005 33777.8
98012 98006 41200.9
98012 98007 36180.4
98012 98008 44425.2
98012 98010 89993.9
98012 98011 11645.8
98012 98012 0
